15 15
104 88 72 3 40 24 8 217 201 185 169 153 137 121 120
87 71 55 39 23 7 216 200 184 168 152 136 135 119 103
70 54 38 22 6 215 199 183 167 151 150 134 118 102 86
53 37 21 5 214 198 182 166 165 149 133 117 101 85 69
36 20 4 213 197 181 180 164 148 132 116 100 84 68 52
19 3 212 196 195 179 163 147 131 115 99 83 67 51 35
2 211 210 194 178 162 146 130 114 98 82 66 50 34 18
225 209 193 177 161 145 129 113 97 81 65 49 33 17 1
208 192 176 160 144 128 112 96 80 64 48 32 16 15 224
191 175 159 143 127 111 95 79 63 47 31 30 14 223 207
174 158 142 126 110 94 78 62 46 45 29 13 222 206 190
157 141 125 109 93 77 61 60 44 28 12 221 205 189 173
140 124 108 92 76 75 59 43 27 11 220 204 188 172 156
123 107 91 90 74 58 42 26 10 219 203 187 171 155 139
106 105 89 73 57 41 25 9 218 202 186 170 154 138 122
